914 3
1266
2477 7
2503
4941 15
4972
5279 16
5355
5658 17
5712
6019 18
6063
6362 19
6413
6716 20
6760
7059 21
7114
7417 22
7461
7760 23
7815
8122 24
8160
8463 25
8514
8821 26
8863
9166 27
9218
9525 28
9569
9872 29
9924
10227 30
10271
10570 31
10615
10918 32
10956
11255 33
11313
11616 34
11654
11957 35
12019
12326 36
12366
12669 37
12717
13024 38
13062
13365 39
13422
13725 40
13771
14070 41
14126
14433 42
14481
14780 43
14836
15139 44
15187
15490 45
15546
15853 46
15895
16198 47
16252
16559 48
16599
16902 49
16947
17254 50
17289
17592 51
17641
17948 52
17989
18292 53
18344
18651 54
18693
18996 55
19049
19356 56
19397
19700 57
19753
20060 58
20103
